11101010 00110011 11000111 00000110 11110101 11011100 00111111 11011001 00110010 10010101 00001011 11110101
11111011 00110011 11001100 00101000 11011001 01001010 10010000 11001010 00100100 11011111 00110011 11011011
00001101 11110101 11000010 00100101 10001101 00111011 11011011 01001010 10111010 11000010 00111010 10001101
00101010 11010100 00000011 10111011 11011111 00111111 11000011 00111101 10010101 00001000 10101100 10001011
00010010 11011000 00101110 11010110 00000010 11110101 11101100 00111001 11000001 00111110 11010000 00000100 =.
11110101 11101010 00110001 11001000 01111010 11000101 00001011 10111100 11000101 00100010 11001000 00101000
10010101 00100000 10111010 11000011 00110111 11000011 00110100 11010000 00011001 11110101 11111101 00110011
11011111 00110111 11010000 00001111. 10100111 10001011 01111010.

10001101 00111110 11010100 00011110 10110000 11001111

01110110 11001110 01110100 10010101 01011011 11100011

10011101 01100011 10000011 01010110 10111111

00101001 10000001 11101101 00101101

11100100 00000101 11111001 01011010

10100011 10011000 00001001 10011101

00011001 11100111 00110101 10100010

11000010 00100010 11000101 00000101

11000101 00001111 10100111 11000111

00001001 11001000 00111011 11000111

00000011 10111011 11001100 00101011

10100111 00011101 11011010 00000011

10111011 11001100 01110110 11001111

00100011 10010101 00011100 10110100

11011001 00111111 11000010 00101111

11000110 01001010 10111011 11001010
00111011 11001000 00101001 10010101
00000101, 10100011 11001110 00100100
10001101 00101110 11011101 00001111
11110101 11001000 00110011 11000011
00101110 11000000 00011000 10111100
11001110 00100101 10000001 01111010
11011100 00011110 11110101 11001001

00110011 11001110 00111011 11011000
00001111 11110101 11000000 00111000
11000010 00101101 11011011 01001010
10110111 11010010 01110110 11000100
00101110 11000110 01001010 10100101
11011001 00110011 11011110 00111111

11011011 00011110 11110101 11011111

00111111 11011001 00110110 11010000
